Botello
Matriz U
0100110100
1010001000
0101000000
0010110010
1001010000
1001101000
0100010100
1000001011
0001000101
0000000110
Matriz V
0100110100
1010001000
0101000000
0010110010
1001010000
1001101000
0100010100
1000001011
0001000101
0000000110
Cambio de columna 0por
0100110100
1010001000
0101000000
0010110010
1001010000
1001101000
0100010100
1000001011
0001000101
0000000110
Cambio de renglon 5por
0001111000
0010011000
0101000000
1010100010
1001010000
1100100100
1100000100
0000011011
0001000101
0000000110
